          0         1         2         3         4         5         6   ...        10        11        12        13   14        15        16
0  -0.849472 -1.096768 -0.754205  0.489898  1.386823  1.963590  0.023808  ...  1.080979 -0.007451 -2.534172 -0.312373  0.0  0.043536  0.753139
1  -1.077430 -1.096768 -0.754205 -2.041241 -0.256003 -0.557235  0.047616  ...  0.558368  0.027940 -0.562135  0.045322  0.0  0.149448  0.214944
2  -1.077430 -1.065989 -0.754205 -2.041241  0.420455  0.148596 -0.452354  ...  1.028717 -0.396755  0.116246  1.621831  0.0 -1.955452  1.386309
3  -1.077430 -1.035210 -0.754205 -2.041241  1.837795  1.963590  0.452354  ...  1.655850  0.841940 -0.341266  0.561993  0.0 -0.614110  1.259675
4  -1.077430 -1.004431 -0.754205 -2.041241  0.581516  0.451095  1.142789  ... -0.591375 -1.104580  0.826180 -0.458101  0.0  0.393646 -0.924761
5  -1.077430 -0.973652 -0.754205 -2.041241  0.291606  0.955260 -1.238021  ... -2.054684 -0.573711 -0.041517 -0.285877  0.0 -1.259922 -1.336321
6  -1.077430 -0.942872 -0.754205 -2.041241  0.613729  0.047763  0.452354  ...  0.061888 -0.856841 -0.688345 -0.232885  0.0  0.410169 -0.133299
7  -1.077430 -0.912093 -0.754205 -2.041241  1.032488  1.156926  0.238081  ...  0.166410 -0.963015 -0.767226  1.621831  0.0 -1.996387  0.721480
8  -1.077430 -0.881314 -0.754205 -2.041241  1.032488  0.753594  0.190465  ...  1.394545 -0.149016 -0.530582  1.900039  0.0 -1.280166  1.861186
9  -1.077430 -0.850535 -0.754205 -2.041241  0.323818 -0.153903 -0.119041  ...  1.499067  0.664983 -0.641016  1.091912  0.0  0.170808  1.259675
10 -1.077430 -0.819756 -0.754205 -2.041241  0.420455  0.451095  0.190465  ...  0.558368 -0.538320 -1.524489 -0.431605  0.0 -0.791174  0.214944
11 -1.077430 -0.788977 -0.754205 -2.041241 -1.061310 -0.960567 -0.071424  ... -0.486853 -1.635449 -0.025740  0.389769  0.0 -0.011168 -0.196616
12 -1.077430 -0.758198 -0.754205 -2.041241 -1.093522 -0.960567 -0.928516  ... -1.113986 -0.821450  0.794627  0.032074  0.0  0.818705 -0.766469
13 -1.077430 -0.727419 -0.754205 -2.041241 -0.449276 -0.658068 -1.642759  ... -1.087855  0.027940  1.551890 -1.570931  0.0  0.758641 -1.494614
14 -1.077430 -0.696640 -0.754205 -2.041241 -0.481489 -0.758901 -1.309446  ... -0.277809  0.452636  1.346798 -1.690163  0.0  0.968379 -1.557931
15 -1.077430 -0.665861 -0.754205 -2.041241 -2.092102 -1.767231  0.142849  ... -1.113986  1.762112  1.094377 -0.815796  0.0  1.016906 -0.608176
16 -1.077430 -0.635082 -0.754205 -2.041241 -1.383432 -0.859734 -1.166597  ... -0.617506  2.151416  0.857733 -0.564085  0.0  1.063796 -0.196616
17 -1.077430 -0.604303 -0.754205 -2.041241 -1.093522 -0.960567  1.499910  ... -0.199417  1.620547  0.463325  0.297034  0.0  1.061935  0.404895
18 -1.077430 -0.573523 -0.754205 -2.041241 -0.030517 -0.254736  2.547467  ... -0.460722 -0.502928  0.605312 -1.199988  0.0  1.052409 -0.861444
19 -1.077430 -0.542744 -0.754205 -2.041241       NaN       NaN       NaN  ...       NaN       NaN       NaN       NaN  NaN       NaN       NaN
20 -1.077430 -0.511965 -0.754205 -2.041241       NaN       NaN       NaN  ...       NaN       NaN       NaN       NaN  NaN       NaN       NaN
21 -1.077430 -0.481186 -0.754205 -2.041241       NaN       NaN       NaN  ...       NaN       NaN       NaN       NaN  NaN       NaN       NaN
22 -1.077430 -0.450407 -0.754205 -2.041241       NaN       NaN       NaN  ...       NaN       NaN       NaN       NaN  NaN       NaN       NaN
23 -1.077430 -0.419628 -0.754205 -2.041241       NaN       NaN       NaN  ...       NaN       NaN       NaN       NaN  NaN       NaN       NaN
24 -1.077430 -0.388849 -0.754205 -2.041241       NaN       NaN       NaN  ...       NaN       NaN       NaN       NaN  NaN       NaN       NaN
25 -1.077430 -0.358070 -0.754205 -2.041241       NaN       NaN       NaN  ...       NaN       NaN       NaN       NaN  NaN       NaN       NaN
26 -1.077430 -0.327291 -0.754205 -2.041241       NaN       NaN       NaN  ...       NaN       NaN       NaN       NaN  NaN       NaN       NaN
27 -1.077430 -0.296512 -0.754205 -2.041241       NaN       NaN       NaN  ...       NaN       NaN       NaN       NaN  NaN       NaN       NaN
28 -1.077430 -0.265733 -0.754205 -2.041241       NaN       NaN       NaN  ...       NaN       NaN       NaN       NaN  NaN       NaN       NaN
29 -1.077430 -0.234954 -0.754205 -2.041241       NaN       NaN       NaN  ...       NaN       NaN       NaN       NaN  NaN       NaN       NaN
30 -1.077430 -0.204175 -0.754205 -2.041241       NaN       NaN       NaN  ...       NaN       NaN       NaN       NaN  NaN       NaN       NaN
31 -1.077430 -0.173395 -0.754205 -2.041241       NaN       NaN       NaN  ...       NaN       NaN       NaN       NaN  NaN       NaN       NaN
32 -1.077430 -0.142616 -0.754205 -2.041241       NaN       NaN       NaN  ...       NaN       NaN       NaN       NaN  NaN       NaN       NaN
33 -1.077430 -0.111837 -0.754205 -2.041241       NaN       NaN       NaN  ...       NaN       NaN       NaN       NaN  NaN       NaN       NaN
34 -1.077430 -0.081058 -0.754205 -2.041241       NaN       NaN       NaN  ...       NaN       NaN       NaN       NaN  NaN       NaN       NaN
35 -1.077430 -0.050279 -0.754205 -2.041241       NaN       NaN       NaN  ...       NaN       NaN       NaN       NaN  NaN       NaN       NaN
36 -1.077430 -0.019500 -0.754205 -2.041241       NaN       NaN       NaN  ...       NaN       NaN       NaN       NaN  NaN       NaN       NaN
37 -1.077430  0.011279 -0.754205 -2.041241       NaN       NaN       NaN  ...       NaN       NaN       NaN       NaN  NaN       NaN       NaN
38 -1.077430  0.042058 -0.754205 -2.041241       NaN       NaN       NaN  ...       NaN       NaN       NaN       NaN  NaN       NaN       NaN
39 -1.077430  0.072837 -0.754205 -2.041241       NaN       NaN       NaN  ...       NaN       NaN       NaN       NaN  NaN       NaN       NaN
40 -1.077430  0.103616 -0.754205 -2.041241       NaN       NaN       NaN  ...       NaN       NaN       NaN       NaN  NaN       NaN       NaN
41 -1.077430  0.134395 -0.754205 -2.041241       NaN       NaN       NaN  ...       NaN       NaN       NaN       NaN  NaN       NaN       NaN
42 -1.077430  0.165174 -0.754205 -2.041241       NaN       NaN       NaN  ...       NaN       NaN       NaN       NaN  NaN       NaN       NaN
43 -1.077430  0.195954 -0.754205 -2.041241       NaN       NaN       NaN  ...       NaN       NaN       NaN       NaN  NaN       NaN       NaN
44 -1.077430  0.226733 -0.754205 -2.041241       NaN       NaN       NaN  ...       NaN       NaN       NaN       NaN  NaN       NaN       NaN
45 -1.077430  0.257512 -0.754205 -2.041241       NaN       NaN       NaN  ...       NaN       NaN       NaN       NaN  NaN       NaN       NaN
46 -1.077430  0.288291 -0.754205 -2.041241       NaN       NaN       NaN  ...       NaN       NaN       NaN       NaN  NaN       NaN       NaN
47 -1.077430  0.319070 -0.754205 -2.041241       NaN       NaN       NaN  ...       NaN       NaN       NaN       NaN  NaN       NaN       NaN
48 -1.077430  0.349849 -0.754205 -2.041241       NaN       NaN       NaN  ...       NaN       NaN       NaN       NaN  NaN       NaN       NaN
49 -1.077430  0.380628 -0.754205 -2.041241       NaN       NaN       NaN  ...       NaN       NaN       NaN       NaN  NaN       NaN       NaN

[50 rows x 17 columns]