(772, 17)
[[-1.07742956 -1.03520968 -0.75420548 -2.04124145  1.83779504  1.96359017
   0.45235396  0.86690397  0.46575936  1.77137941  1.65585007  0.84193953
  -0.34126632  0.5619931   0.         -0.6141097   1.25967463]
 [-1.07742956 -1.0044306  -0.75420548 -2.04124145  0.58151633  0.45109504
   1.14278895 -0.57966633 -0.14155432 -1.54427949 -0.59137502 -1.10457995
   0.82618003 -0.45810108  0.          0.393646   -0.92476113]
 [-1.07742956 -0.97365152 -0.75420548 -2.04124145  0.29160585  0.95526008
  -1.23802136  0.37375501  0.11872297 -1.68053944 -2.05468439 -0.573711
  -0.04151658 -0.28587739  0.         -1.25992184 -1.33632149]
 [-1.07742956 -0.94287244 -0.75420548 -2.04124145  0.6137286   0.047763
   0.45235396  0.17649542 -0.14155432 -0.95381968  0.06188808 -0.85684111
  -0.68834497 -0.23288548  0.          0.41016903 -0.1332989 ]
 [-1.07742956 -0.91209336 -0.75420548 -2.04124145  1.03248817  1.1569261
   0.23808103  1.62306572  3.64692623 -0.63587979  0.16641018 -0.9630149
  -0.76722648  1.62183122  0.         -1.99638733  0.72148031]
 [-1.07742956 -0.88131428 -0.75420548 -2.04124145  1.03248817  0.75359407
   0.19046483  1.36005294  0.43683966  1.27175958  1.39454482 -0.14901585
  -0.53058195  1.90003872  0.         -1.28016626  1.86118592]
 [-1.07742956 -0.8505352  -0.75420548 -2.04124145  0.32381813 -0.15390301
  -0.11904052  0.4395082  -0.66210889  1.13549962  1.49906692  0.66498321
  -0.64101606  1.09191216  0.          0.17080844  1.25967463]
 [-1.07742956 -0.81975612 -0.75420548 -2.04124145  0.42045495  0.45109504
   0.19046483  0.93265717  0.14764267 -0.18167994  0.55836805 -0.53831974
  -1.52448898 -0.43160513  0.         -0.79117402  0.21494448]
 [-1.07742956 -0.78897704 -0.75420548 -2.04124145 -1.06130968 -0.96056708
  -0.07142431  0.4066316  -0.14155432 -1.36259955 -0.48685293 -1.6354489
  -0.02574028  0.38976941  0.         -0.01116812 -0.19661588]
 [-1.07742956 -0.75819796 -0.75420548 -2.04124145 -1.09352196 -0.96056708
  -0.92851602 -1.0070621  -0.66210889 -1.09007964 -1.11398551 -0.82144985
   0.79462743  0.03207405  0.          0.81870456 -0.76646869]
 [-1.07742956 -0.72741888 -0.75420548 -2.04124145 -0.44927646 -0.65806806
  -1.64275912 -1.17144509 -0.66210889 -0.54503982 -1.08785499  0.02794047
   1.55188993 -1.5709311   0.          0.75864113 -1.49461394]
 [-1.07742956 -0.6966398  -0.75420548 -2.04124145 -0.48148874 -0.75890107
  -1.30944567 -1.50021107 -0.66210889  0.18167994 -0.27780873  0.45263563
   1.346798   -1.69016288  0.          0.96837936 -1.55793092]
 [-1.07742956 -0.66586072 -0.75420548 -2.04124145 -2.09210247 -1.76723115
   0.14284862 -1.56596426 -0.66210889  0.36335988 -1.11398551  1.76211237
   1.09437717 -0.81579644  0.          1.01690644 -0.60817624]
 [-1.07742956 -0.63508164 -0.75420548 -2.04124145 -1.38343243 -0.85973408
  -1.16659705 -1.0728153  -0.66210889  1.18091961 -0.61750555  2.15141627
   0.85773264 -0.56408489  0.          1.06379611 -0.19661588]
 [-1.07742956 -0.60430256 -0.75420548 -2.04124145 -1.09352196 -0.96056708
   1.4999105  -0.44815994 -0.66210889  0.81755973 -0.19941716  1.62054732
   0.46332508  0.29703358  0.          1.06193541  0.40489542]
 [-1.07742956 -0.57352348 -0.75420548 -2.04124145 -0.03051689 -0.25473602
   2.54746704 -0.9741855  -0.66210889 -0.22709992 -0.4607224  -0.50292848
   0.6053118  -1.19998776  0.          1.05240862 -0.86144416]
 [-1.07742956 -0.5427444  -0.75420548 -2.04124145         nan         nan
          nan         nan         nan         nan         nan         nan
          nan         nan         nan         nan         nan]
 [-1.07742956 -0.51196532 -0.75420548 -2.04124145         nan         nan
          nan         nan         nan         nan         nan         nan
          nan         nan         nan         nan         nan]
 [-1.07742956 -0.48118624 -0.75420548 -2.04124145         nan         nan
          nan         nan         nan         nan         nan         nan
          nan         nan         nan         nan         nan]
 [-1.07742956 -0.45040716 -0.75420548 -2.04124145         nan         nan
          nan         nan         nan         nan         nan         nan
          nan         nan         nan         nan         nan]
 [-1.07742956 -0.41962808 -0.75420548 -2.04124145         nan         nan
          nan         nan         nan         nan         nan         nan
          nan         nan         nan         nan         nan]
 [-1.07742956 -0.388849   -0.75420548 -2.04124145         nan         nan
          nan         nan         nan         nan         nan         nan
          nan         nan         nan         nan         nan]
 [-1.07742956 -0.35806992 -0.75420548 -2.04124145         nan         nan
          nan         nan         nan         nan         nan         nan
          nan         nan         nan         nan         nan]
 [-1.07742956 -0.32729084 -0.75420548 -2.04124145         nan         nan
          nan         nan         nan         nan         nan         nan
          nan         nan         nan         nan         nan]
 [-1.07742956 -0.29651176 -0.75420548 -2.04124145         nan         nan
          nan         nan         nan         nan         nan         nan
          nan         nan         nan         nan         nan]
 [-1.07742956 -0.26573268 -0.75420548 -2.04124145         nan         nan
          nan         nan         nan         nan         nan         nan
          nan         nan         nan         nan         nan]
 [-1.07742956 -0.2349536  -0.75420548 -2.04124145         nan         nan
          nan         nan         nan         nan         nan         nan
          nan         nan         nan         nan         nan]
 [-1.07742956 -0.20417452 -0.75420548 -2.04124145         nan         nan
          nan         nan         nan         nan         nan         nan
          nan         nan         nan         nan         nan]
 [-1.07742956 -0.17339544 -0.75420548 -2.04124145         nan         nan
          nan         nan         nan         nan         nan         nan
          nan         nan         nan         nan         nan]
 [-1.07742956 -0.14261636 -0.75420548 -2.04124145         nan         nan
          nan         nan         nan         nan         nan         nan
          nan         nan         nan         nan         nan]
 [-1.07742956 -0.11183728 -0.75420548 -2.04124145         nan         nan
          nan         nan         nan         nan         nan         nan
          nan         nan         nan         nan         nan]
 [-1.07742956 -0.0810582  -0.75420548 -2.04124145         nan         nan
          nan         nan         nan         nan         nan         nan
          nan         nan         nan         nan         nan]
 [-1.07742956 -0.05027912 -0.75420548 -2.04124145         nan         nan
          nan         nan         nan         nan         nan         nan
          nan         nan         nan         nan         nan]
 [-1.07742956 -0.01950004 -0.75420548 -2.04124145         nan         nan
          nan         nan         nan         nan         nan         nan
          nan         nan         nan         nan         nan]
 [-1.07742956  0.01127904 -0.75420548 -2.04124145         nan         nan
          nan         nan         nan         nan         nan         nan
          nan         nan         nan         nan         nan]
 [-1.07742956  0.04205812 -0.75420548 -2.04124145         nan         nan
          nan         nan         nan         nan         nan         nan
          nan         nan         nan         nan         nan]
 [-1.07742956  0.0728372  -0.75420548 -2.04124145         nan         nan
          nan         nan         nan         nan         nan         nan
          nan         nan         nan         nan         nan]
 [-1.07742956  0.10361628 -0.75420548 -2.04124145         nan         nan
          nan         nan         nan         nan         nan         nan
          nan         nan         nan         nan         nan]
 [-1.07742956  0.13439536 -0.75420548 -2.04124145         nan         nan
          nan         nan         nan         nan         nan         nan
          nan         nan         nan         nan         nan]
 [-1.07742956  0.16517444 -0.75420548 -2.04124145         nan         nan
          nan         nan         nan         nan         nan         nan
          nan         nan         nan         nan         nan]
 [-1.07742956  0.19595352 -0.75420548 -2.04124145         nan         nan
          nan         nan         nan         nan         nan         nan
          nan         nan         nan         nan         nan]
 [-1.07742956  0.2267326  -0.75420548 -2.04124145         nan         nan
          nan         nan         nan         nan         nan         nan
          nan         nan         nan         nan         nan]
 [-1.07742956  0.25751169 -0.75420548 -2.04124145         nan         nan
          nan         nan         nan         nan         nan         nan
          nan         nan         nan         nan         nan]
 [-1.07742956  0.28829077 -0.75420548 -2.04124145         nan         nan
          nan         nan         nan         nan         nan         nan
          nan         nan         nan         nan         nan]
 [-1.07742956  0.31906985 -0.75420548 -2.04124145         nan         nan
          nan         nan         nan         nan         nan         nan
          nan         nan         nan         nan         nan]
 [-1.07742956  0.34984893 -0.75420548 -2.04124145         nan         nan
          nan         nan         nan         nan         nan         nan
          nan         nan         nan         nan         nan]
 [-1.07742956  0.38062801 -0.75420548 -2.04124145         nan         nan
          nan         nan         nan         nan         nan         nan
          nan         nan         nan         nan         nan]
 [-1.07742956  0.41140709 -0.75420548 -2.04124145         nan         nan
          nan         nan         nan         nan         nan         nan
          nan         nan         nan         nan         nan]
 [-1.07742956  0.44218617 -0.75420548 -2.04124145         nan         nan
          nan         nan         nan         nan         nan         nan
          nan         nan         nan         nan         nan]
 [-1.07742956  0.47296525 -0.75420548 -2.04124145         nan         nan
          nan         nan         nan         nan         nan         nan
          nan         nan         nan         nan         nan]]