(617, 3, 17)
[[[-0.84947217 -1.09676784 -0.75420548 ... -0.10659371  0.01297288
   -0.29693855]
  [-1.07742956 -1.09676784 -0.75420548 ... -0.10659371  0.07097505
   -0.60315204]
  [-1.07742956 -1.06598876 -0.75420548 ... -0.10659371 -1.08177221
    0.06331262]]

 [[-1.07742956 -1.09676784 -0.75420548 ... -0.10659371  0.07097505
   -0.60315204]
  [-1.07742956 -1.06598876 -0.75420548 ... -0.10659371 -1.08177221
    0.06331262]
  [-1.07742956 -1.03520968 -0.75420548 ... -0.10659371 -0.34718676
   -0.00873761]]

 [[-1.07742956 -1.06598876 -0.75420548 ... -0.10659371 -1.08177221
    0.06331262]
  [-1.07742956 -1.03520968 -0.75420548 ... -0.10659371 -0.34718676
   -0.00873761]
  [-1.07742956 -1.0044306  -0.75420548 ... -0.10659371  0.2047102
   -1.25160415]]

 ...

 [[-1.07742956  0.31906985 -0.75420548 ... -0.10659371 -0.64062149
   -0.20687575]
  [-1.07742956  0.34984893 -0.75420548 ... -0.10659371  0.79687852
   -0.00873761]
  [-1.07742956  0.38062801 -0.75420548 ... -0.10659371  1.02660461
   -0.06277529]]

 [[-1.07742956  0.34984893 -0.75420548 ... -0.10659371  0.79687852
   -0.00873761]
  [-1.07742956  0.38062801 -0.75420548 ... -0.10659371  1.02660461
   -0.06277529]
  [-1.07742956  0.41140709 -0.75420548 ... -0.10659371  0.73386281
   -0.38700134]]

 [[-1.07742956  0.38062801 -0.75420548 ... -0.10659371  1.02660461
   -0.06277529]
  [-1.07742956  0.41140709 -0.75420548 ... -0.10659371  0.73386281
   -0.38700134]
  [-1.07742956  0.44218617 -0.75420548 ... -0.10659371  0.96171392
   -0.44103901]]]