(617, 12)
[[-1.07742956e+00 -1.03520968e+00 -7.54205483e-01 -2.04124145e+00
   1.76002452e+00  1.54627779e+00 -9.29576927e-01 -1.92252853e-01
   1.90201883e-01 -4.40480421e-01  7.92488649e-01  2.67668030e-01]
 [-1.07742956e+00 -1.00443060e+00 -7.54205483e-01 -2.04124145e+00
   1.76002452e+00  4.53683385e-01  3.79161694e-01 -9.96868909e-01
  -7.15057848e-01 -1.07335459e+00  1.56633834e+00 -4.74524181e-01]
 [-1.07742956e+00 -9.73651522e-01 -7.54205483e-01 -2.04124145e+00
   1.10894146e+00 -1.57137111e-01  3.79161694e-01 -8.54877840e-01
  -1.01681109e+00 -5.67055254e-01  1.69531329e+00 -8.45620287e-01]
 [-1.07742956e+00 -9.42872442e-01 -7.54205483e-01 -2.04124145e+00
   1.10894146e+00  5.99936179e-01  2.25192444e-01 -9.02208197e-01
  -7.15057848e-01 -8.20204921e-01  1.47613908e-01 -1.03428076e-01]
 [-1.07742956e+00 -9.12093362e-01 -7.54205483e-01 -2.04124145e+00
   1.62980791e+00  1.73984767e+00 -4.67669179e-01 -9.02208197e-01
  -5.64181226e-01 -1.07335459e+00  4.05563805e-01  4.53216082e-01]
 [-1.07742956e+00 -8.81314282e-01 -7.54205483e-01 -2.04124145e+00
   5.88075019e-01  1.61080108e+00 -1.08354618e+00 -2.39583210e-01
   3.93252614e-02 -5.67055254e-01  2.76588857e-01  6.38764135e-01]
 [-1.07742956e+00 -8.50535202e-01 -7.54205483e-01 -2.04124145e+00
   4.57858407e-01  3.50446118e-01  4.56146319e-01 -2.39583210e-01
  -1.11551360e-01 -1.87330754e-01  4.05563805e-01 -1.06540495e-02]
 [-1.07742956e+00 -8.19756122e-01 -7.54205483e-01 -2.04124145e+00
   1.76002452e+00 -3.55008539e-01  4.15140831e+00 -6.65556416e-01
  -1.11551360e-01 -6.93630088e-01 -1.10335988e-01 -4.74524181e-01]
 [-1.07742956e+00 -7.88977041e-01 -7.54205483e-01 -2.04124145e+00
  -1.93224649e-01  6.60157918e-01  4.45934681e+00 -9.96868909e-01
  -8.65934470e-01 -8.20204921e-01  6.63513701e-01 -1.06540495e-02]
 [-1.07742956e+00 -7.58197961e-01 -7.54205483e-01 -2.04124145e+00
  -6.30080377e-02 -1.08197096e+00  6.10115568e-01 -8.54877840e-01
  -7.15057848e-01 -6.93630088e-01  1.43736339e+00  8.21199769e-02]
 [-1.07742956e+00 -7.27418881e-01 -7.54205483e-01 -2.04124145e+00
   4.57858407e-01 -1.40888897e+00  4.56146319e-01 -7.12886772e-01
  -7.15057848e-01 -4.40480421e-01  1.69531329e+00 -1.49503847e+00]
 [-1.07742956e+00 -6.96639801e-01 -7.54205483e-01 -2.04124145e+00
   6.72085736e-02 -1.22392220e+00  4.56146319e-01 -5.23565347e-01
  -5.64181226e-01 -3.13905587e-01  1.69531329e+00 -1.68058652e+00]
 [-1.07742956e+00 -6.65860721e-01 -7.54205483e-01 -2.04124145e+00
  -1.10474093e+00 -1.55944332e+00  4.56146319e-01 -1.44922497e-01
  -2.62427982e-01  1.92393747e-01  1.43736339e+00 -7.52846260e-01]
 [-1.07742956e+00 -6.35081640e-01 -7.54205483e-01 -2.04124145e+00
  -5.83874483e-01 -1.47341226e+00  4.56146319e-01  4.43989277e-02
   3.93252614e-02  1.92393747e-01  1.30838844e+00 -1.12394237e+00]
 [-1.07742956e+00 -6.04302560e-01 -7.54205483e-01 -2.04124145e+00
  -4.53657872e-01 -1.49061847e+00  4.56146319e-01 -9.75921409e-02
   3.93252614e-02 -6.07559201e-02  9.21463597e-01 -2.88976129e-01]
 [-1.07742956e+00 -5.73523480e-01 -7.54205483e-01 -2.04124145e+00
   8.48508241e-01 -3.11993011e-01 -1.59730680e-01 -8.07547484e-01
  -4.13304604e-01 -8.20204921e-01  1.17941349e+00 -1.12394237e+00]
 [-1.07742956e+00 -5.42744400e-01 -7.54205483e-01 -2.04124145e+00
   7.18291630e-01 -1.24112841e+00  4.56146319e-01 -8.07547484e-01
  -7.15057848e-01 -5.67055254e-01  1.43736339e+00 -7.52846260e-01]
 [-1.07742956e+00 -5.11965320e-01 -7.54205483e-01 -2.04124145e+00
   7.18291630e-01 -1.37447655e+00  4.56146319e-01 -7.12886772e-01
  -7.15057848e-01 -4.40480421e-01  1.56633834e+00 -7.52846260e-01]
 [-1.07742956e+00 -4.81186239e-01 -7.54205483e-01 -2.04124145e+00
   3.27641796e-01 -1.11208183e+00  5.61411618e+00 -4.76234991e-01
  -4.13304604e-01 -1.87330754e-01  1.69531329e+00 -1.03116834e+00]
 [-1.07742956e+00 -4.50407159e-01 -7.54205483e-01 -2.04124145e+00
  -5.83874483e-01 -1.16370046e+00  6.53793167e+00 -3.34243922e-01
  -4.13304604e-01 -6.07559201e-02  1.30838844e+00 -1.03428076e-01]
 [-1.07742956e+00 -4.19628079e-01 -7.54205483e-01 -2.04124145e+00
  -1.10474093e+00 -1.17660512e+00  6.61491630e+00 -1.92252853e-01
  -1.11551360e-01  6.58189134e-02  9.21463597e-01 -1.40226445e+00]
 [-1.07742956e+00 -3.88848999e-01 -7.54205483e-01 -2.04124145e+00
  -7.14091094e-01 -1.00024146e+00  1.22599257e+00 -2.93142851e-03
   3.93252614e-02  3.18968581e-01  4.05563805e-01 -1.58781250e+00]
 [-1.07742956e+00 -3.58069919e-01 -7.54205483e-01 -2.04124145e+00
  -1.93224649e-01 -7.59354501e-01  4.56146319e-01  1.39059640e-01
   1.90201883e-01  3.18968581e-01 -2.39310936e-01 -6.60072234e-01]
 [-1.07742956e+00 -3.27290839e-01 -7.54205483e-01 -2.04124145e+00
   3.27641796e-01  1.39572344e+00  3.79161694e-01 -1.92252853e-01
   1.90201883e-01 -1.87330754e-01 -7.55210729e-01 -1.03428076e-01]
 [-1.07742956e+00 -2.96511758e-01 -7.54205483e-01 -2.04124145e+00
  -1.93224649e-01  1.70543525e+00 -1.16053080e+00 -7.60217128e-01
  -5.64181226e-01 -1.07335459e+00 -1.52906042e+00  1.00986024e+00]
 [-1.07742956e+00 -2.65732678e-01 -7.54205483e-01 -2.04124145e+00
  -9.74524317e-01  1.13332872e+00 -9.29576927e-01 -9.96868909e-01
  -8.65934470e-01 -9.46779755e-01 -1.78701031e+00  6.38764135e-01]
 [-1.07742956e+00 -2.34953598e-01 -7.54205483e-01 -2.04124145e+00
  -5.83874483e-01 -6.99132762e-01 -1.59730680e-01 -7.60217128e-01
  -7.15057848e-01 -4.40480421e-01 -1.65803537e+00 -1.96202102e-01]
 [-1.07742956e+00 -2.04174518e-01 -7.54205483e-01 -2.04124145e+00
  -8.44307705e-01  2.30002640e-01  4.56146319e-01 -4.28904634e-01
  -2.62427982e-01 -6.07559201e-02 -2.17393516e+00 -1.03116834e+00]
 [-1.07742956e+00 -1.73395438e-01 -7.54205483e-01 -2.04124145e+00
  -5.83874483e-01  1.57208711e+00 -8.52592302e-01 -6.18226059e-01
  -2.62427982e-01 -8.20204921e-01 -1.27111052e+00  8.24312188e-01]
 [-1.07742956e+00 -1.42616357e-01 -7.54205483e-01 -2.04124145e+00
  -1.36517415e+00  1.15913804e+00 -1.23751543e+00 -4.28904634e-01
  -2.62427982e-01 -4.40480421e-01 -1.01316063e+00  6.38764135e-01]
 [-1.07742956e+00 -1.11837277e-01 -7.54205483e-01 -2.04124145e+00
  -1.49539076e+00 -1.39930900e-01  3.79161694e-01 -9.75921409e-02
   3.93252614e-02  6.58189134e-02 -1.01316063e+00 -1.96202102e-01]
 [-1.07742956e+00 -8.10581970e-02 -7.54205483e-01 -2.04124145e+00
   6.72085736e-02  6.65436340e-02 -2.36715304e-01 -2.86913566e-01
   3.93252614e-02 -1.87330754e-01 -8.84185677e-01 -1.03428076e-01]
 [-1.07742956e+00 -5.02791168e-02 -7.54205483e-01 -2.04124145e+00
   9.78724853e-01  1.43971584e-01  3.79161694e-01 -4.28904634e-01
  -2.62427982e-01 -3.13905587e-01 -1.10335988e-01 -5.67298208e-01]
 [-1.07742956e+00 -1.95000366e-02 -7.54205483e-01 -2.04124145e+00
   3.27641796e-01 -1.46911071e+00  4.56146319e-01 -7.12886772e-01
  -5.64181226e-01 -4.40480421e-01  1.47613908e-01 -1.21671639e+00]
 [-1.07742956e+00  1.12790436e-02 -7.54205483e-01 -2.04124145e+00
   6.72085736e-02 -7.24942078e-01  4.56146319e-01 -9.96868909e-01
  -7.15057848e-01 -9.46779755e-01  2.76588857e-01 -1.68058652e+00]
 [-1.07742956e+00  4.20581238e-02 -7.54205483e-01 -2.04124145e+00
  -6.30080377e-02 -1.24973152e+00  4.56146319e-01 -1.04419927e+00
  -8.65934470e-01 -8.20204921e-01  4.05563805e-01 -2.33000471e+00]
 [-1.07742956e+00  7.28372040e-02 -7.54205483e-01 -2.04124145e+00
   1.97425185e-01 -1.23252531e+00  4.56146319e-01 -5.70895703e-01
  -5.64181226e-01 -1.87330754e-01  4.05563805e-01 -9.38394313e-01]
 [-1.07742956e+00  1.03616284e-01 -7.54205483e-01 -2.04124145e+00
   3.27641796e-01  8.36521582e-01  1.48207820e-01 -4.76234991e-01
  -1.11551360e-01 -6.93630088e-01  1.86389603e-02  8.24312188e-01]
 [-1.07742956e+00  1.34395364e-01 -7.54205483e-01 -2.04124145e+00
  -1.23495754e+00  1.18162267e-01 -9.29576927e-01 -9.75921409e-02
   3.93252614e-02  1.92393747e-01  2.76588857e-01  6.38764135e-01]
 [-1.07742956e+00  1.65174445e-01 -7.54205483e-01 -2.04124145e+00
  -1.10474093e+00 -6.08800153e-01  4.56146319e-01  3.75711421e-01
   4.91955127e-01  4.45543414e-01  1.86389603e-02 -4.74524181e-01]
 [-1.07742956e+00  1.95953525e-01 -7.54205483e-01 -2.04124145e+00
  -8.44307705e-01 -7.98068476e-01  3.79161694e-01  6.59693558e-01
   6.42831749e-01  6.98693081e-01  6.63513701e-01 -1.03116834e+00]
 [-1.07742956e+00  2.26732605e-01 -7.54205483e-01 -2.04124145e+00
  -4.53657872e-01  1.91288665e-01  2.25192444e-01  5.17702490e-01
   7.93708371e-01  6.98693081e-01  7.92488649e-01 -7.52846260e-01]
 [-1.07742956e+00  2.57511685e-01 -7.54205483e-01 -2.04124145e+00
  -1.10474093e+00 -3.89420961e-01  4.56146319e-01  5.17702490e-01
   7.93708371e-01  5.72118248e-01  2.76588857e-01 -8.45620287e-01]
 [-1.07742956e+00  2.88290765e-01 -7.54205483e-01 -2.04124145e+00
  -3.23441260e-01 -4.45341147e-01  4.56146319e-01  6.12363202e-01
   7.93708371e-01  6.98693081e-01 -8.84185677e-01 -1.03428076e-01]
 [-1.07742956e+00  3.19069845e-01 -7.54205483e-01 -2.04124145e+00
   1.97425185e-01  1.26765373e-01 -9.29576927e-01  3.75711421e-01
   6.42831749e-01  3.18968581e-01 -2.68983495e+00  3.60442056e-01]
 [-1.07742956e+00  3.49848926e-01 -7.54205483e-01 -2.04124145e+00
   2.02045774e+00  3.93461646e-01  7.12231948e-02 -2.93142851e-03
   4.91955127e-01 -6.07559201e-02 -1.91598526e+00 -1.96202102e-01]
 [-1.07742956e+00  3.80628006e-01 -7.54205483e-01 -2.04124145e+00
  -6.30080377e-02  1.20215357e+00 -1.54545393e+00 -1.92252853e-01
   1.90201883e-01 -3.13905587e-01 -1.14213557e+00  7.31538161e-01]
 [-1.07742956e+00  4.11407086e-01 -7.54205483e-01 -2.04124145e+00
  -4.53657872e-01  1.20645512e+00 -1.00656155e+00 -2.86913566e-01
  -1.11551360e-01 -1.87330754e-01  1.86389603e-02  1.74894003e-01]
 [-1.07742956e+00  4.42186166e-01 -7.54205483e-01 -2.04124145e+00
   9.78724853e-01  1.33980326e+00 -1.62243855e+00 -4.76234991e-01
  -2.62427982e-01 -5.67055254e-01  6.63513701e-01  9.17086214e-01]
 [-1.07742956e+00  4.72965246e-01 -7.54205483e-01 -2.04124145e+00
   1.97425185e-01  5.39714440e-01 -1.23751543e+00 -7.12886772e-01
  -4.13304604e-01 -8.20204921e-01  6.63513701e-01  8.21199769e-02]]